6.361024894409694319e+00
5.443594161417785848e+00
4.796264906365995451e+00
4.563940059549653760e+00
5.160940703992851653e+00
4.238390999990981456e+00
3.573219232148984403e+00
4.290897899491058709e+00
3.507081798474109835e+00
4.154493475945951531e+00
4.652863451141567630e+00
4.358379069006977247e+00
6.149861374454041574e+00
5.148237585110067904e+00
6.740872358589673929e+00
4.964362749534402930e+00
4.133495448341429679e+00
4.127954510919815689e+00
5.423317049617617513e+00
5.105953844412416842e+00
5.799864051383441854e+00
5.217438009924880049e+00
3.583619051692978008e+00
6.575359530660170648e+00
4.872444542047791316e+00
5.390155050131168579e+00
3.448303318128517869e+00
5.272655664878194592e+00
5.362092249548233269e+00
6.343920669999871365e+00
4.493774502445540442e+00
3.713793631328973888e+00
4.416840342873252112e+00
4.658042284144231715e+00
4.391714413816813156e+00
5.561570125635303619e+00
4.131328643242587972e+00
4.425425635022647519e+00
4.296094304353823112e+00
5.732327814992340009e+00
4.324917186577108552e+00
4.974586955674089594e+00
4.165633204654390909e+00
4.673069449882215842e+00
3.919902095691166988e+00
3.317672282718574728e+00
4.332288220913569354e+00
6.263429434217268721e+00
4.794039958382456668e+00
5.097315783952801382e+00
4.152969377202090584e+00
4.319683884487359293e+00
4.528911457541050289e+00
4.107605059655209168e+00
3.776589567657259838e+00
5.868864056202415469e+00
3.927547488477836968e+00
3.962809826313419936e+00
6.501896931979266547e+00
5.806642946402980954e+00
4.402546309852520601e+00
3.864199255643678388e+00
4.318721965436978394e+00
4.500455163957481020e+00
5.290234592122424750e+00
4.806701842191506202e+00
5.149114356633739398e+00
4.520941027558855296e+00
4.541785784264513737e+00
4.724644824906818918e+00
5.287162185884449528e+00
5.279902110299997453e+00
5.263479882516578279e+00
3.944768764645548043e+00
5.703147071554008463e+00
4.176203747879374539e+00
3.925395536179228539e+00
4.811662734535610220e+00
3.951982750745701267e+00
5.007771155698382159e+00
5.757351304703120398e+00
3.970329647245882665e+00
4.925200334789562540e+00
3.914752029089596963e+00
4.119013274557019599e+00
4.869224358274467868e+00
3.589945324641824698e+00
4.998979437173630913e+00
4.268554070900117736e+00
4.520737080306903799e+00
3.726915594642338014e+00
4.869995687007361518e+00
5.579749824145257442e+00
4.620467254383032518e+00
5.277999799491152721e+00
5.282193278386677626e+00
4.803534989160175073e+00
4.363130246627286546e+00
4.085715777757760847e+00
5.299170906253440450e+00
3.582433816993285447e+00
4.499795190742491791e+00
4.193583746668847034e+00
5.505528354611950448e+00
5.174917925863936397e+00
5.680615764937314793e+00
5.318574698728561145e+00
5.302381073182772298e+00
5.432264637513082306e+00
4.891095100586666966e+00
4.583777128331482764e+00
5.321036359218608069e+00
4.549542904006115940e+00
5.813212796171569607e+00
3.536604408460235494e+00
3.836456446112981755e+00
4.568074034765875702e+00
4.246358320058052804e+00
4.866534940056966185e+00
4.974682474609235072e+00
3.848360286713722100e+00
5.566437417584797487e+00
7.035113429564782805e+00
6.033688870477697641e+00
3.969175649128413585e+00
3.924113211993936368e+00
4.970261071976131539e+00
4.453226889661847210e+00
4.848437334675340438e+00
6.079755582517325507e+00
4.936068492890878012e+00
3.981027590537241867e+00
3.992678275573533941e+00
4.326115908010302213e+00
4.021475046582789759e+00
4.801907687494713528e+00
4.675778152948953270e+00
5.760322113095208252e+00
4.213310948000274614e+00
3.436356495762773466e+00
4.510916491298912590e+00
4.238598948524995080e+00
6.751509688697456824e+00
5.224896824993599864e+00
4.170292288357014598e+00
4.391497257144193256e+00
4.623403681415862998e+00
4.886900686159383334e+00
6.385918680822250337e+00
5.300261681211190457e+00
3.977909774767509177e+00
4.530538623144238386e+00
3.832265205618322401e+00
5.182862110507065800e+00
4.610372920364810945e+00
6.116832059705640035e+00
4.964235074942049408e+00
4.395305590226785242e+00
4.650925409354433882e+00
4.064750947711684326e+00
4.103735177034574910e+00
4.893612820056318924e+00
4.210798623402490115e+00
5.999931974937193324e+00
4.839846381518743357e+00
5.891474885987362242e+00
5.516315194384281639e+00
4.904442417806552434e+00
6.717777594721910717e+00
5.369765797578586408e+00
4.707380641578246205e+00
4.836640796529075637e+00
5.595935192194315455e+00
8.573707535261958057e+00
5.995249799840888016e+00
5.807449225030828721e+00
4.341008333832850674e+00
3.972754518302844318e+00
4.157369114279964251e+00
5.163084621881186109e+00
4.855370392877197183e+00
4.448809069753181689e+00
4.283230731217112286e+00
4.569009112364072145e+00
4.350035599707520184e+00
4.951597194140608060e+00
4.134733643222809896e+00
4.019292635382208267e+00
4.862205283479970497e+00
7.351971373587431913e+00
4.994468050712174367e+00
3.645931690140435499e+00
4.877186516547896922e+00
4.759206314702715268e+00
4.635252304860116190e+00
4.934493415306707931e+00
6.629650998619380786e+00
6.162839379230717007e+00
5.192061769886467282e+00
5.396185743235657029e+00
4.203490742943871261e+00
6.232638116682648111e+00
5.103763584385683671e+00
5.593128904654488309e+00
6.103031673482742114e+00
5.099806584668558962e+00
4.632447384376364496e+00
5.143117354957343679e+00
5.895542640716263882e+00
5.425731570042453988e+00
4.120365157859663618e+00
3.623435073053549615e+00
3.971930841273384249e+00
4.628195473887078748e+00
5.263381861548157126e+00
6.816095044286419657e+00
6.249436246744147105e+00
5.043910196028192239e+00
3.363024299365526826e+00
6.783697204995137398e+00
4.247277836949423957e+00
3.779758983934897287e+00
3.717327507050589563e+00
3.620296051375915258e+00
5.183313888878460673e+00
5.041195144116450422e+00
6.463925127657776493e+00
4.227184727836010403e+00
6.816474334946997615e+00
5.235536082823619708e+00
4.491108868294030998e+00
6.503990453856356879e+00
4.799853158946929099e+00
4.646561575859840865e+00
4.555769637582361753e+00
4.796819462544323009e+00
3.909979178340451611e+00
4.342792676704673838e+00
3.951164254267901743e+00
5.956714238489122515e+00
3.967115786328627269e+00
4.507147472389535281e+00
3.923007409223658648e+00
4.933263040736743932e+00
5.827727077573934267e+00
5.165118999698899316e+00
5.259788435707245746e+00
5.116667386598241052e+00
5.693897475858936907e+00
6.613395634803788781e+00
3.796074147842651403e+00
5.519121322022780163e+00
7.012401254576405840e+00
3.990218511437562121e+00
5.045250627420410972e+00
5.980415966911968084e+00
4.555995865089527364e+00
4.879998720781896893e+00
6.381928425392183968e+00
4.356389716396815714e+00
4.669652267161873205e+00
5.191326163586952980e+00
5.339686838208367092e+00
4.595573784199622480e+00
5.657751117014172770e+00
6.026432053260324828e+00
5.564590701748127088e+00
5.769120710449189282e+00
5.397307873169916448e+00
3.783258705654496623e+00
5.350998306373518254e+00
3.794978310544690814e+00
4.288429514837606149e+00
4.086153913573113527e+00
4.258036673626736324e+00
4.794651012996822281e+00
5.147239655382279899e+00
5.172173233300170203e+00
6.344671451128495399e+00
5.035628444854143737e+00
6.497745607744273677e+00
4.896361368793478164e+00
5.903003452384532501e+00
5.525003186970487867e+00
4.812731816982211086e+00
7.042128433465907555e+00
6.391189264013185323e+00
6.000029477513955989e+00
5.371161937153713595e+00
4.539867182606331042e+00
5.642515463881936810e+00
4.497557517240453606e+00
4.233304131673218507e+00
6.731855513149798576e+00
4.621833442469791109e+00
3.784527638458848209e+00
3.812040506249985583e+00
3.678663662060435158e+00
4.140885128871182097e+00
6.233525059623525877e+00
5.038509560118705544e+00
5.393935416186435461e+00
